
    1       0.00000       0.00000
    2       0.00000       0.25000
    3       0.06250       0.00000
    4       0.06250       0.25000
    5       0.12500       0.00000
    6       0.12500       0.25000
    7       0.18750       0.00000
    8       0.18750       0.25000
    9       0.25000       0.00000
   10       0.25000       0.25000
   11       0.31250       0.00000
   12       0.31250       0.25000
   13       0.37500       0.00000
   14       0.37500       0.25000
   15       0.43750       0.00000
   16       0.43750       0.25000
   17       0.50000       0.00000
   18       0.50000       0.25000
   19       0.56250       0.00000
   20       0.56250       0.25000
   21       0.62500       0.00000
   22       0.62500       0.25000
   23       0.68750       0.00000
   24       0.68750       0.25000
   25       0.75000       0.00000
   26       0.75000       0.25000
   27       0.81250       0.00000
   28       0.81250       0.25000
   29       0.87500       0.00000
   30       0.87500       0.25000
   31       0.93750       0.00000
   32       0.93750       0.25000
   33       1.00000       0.00000
   34       1.00000       0.25000
   35       1.06250       0.00000
   36       1.06250       0.25000
   37       1.12500       0.00000
   38       1.12500       0.25000
   39       1.18750       0.00000
   40       1.18750       0.25000
   41       1.25000       0.00000
   42       1.25000       0.25000
   43       1.31250       0.00000
   44       1.31250       0.25000
   45       1.37500       0.00000
   46       1.37500       0.25000
   47       1.43750       0.00000
   48       1.43750       0.25000
   49       1.50000       0.00000
   50       1.50000       0.25000
   51       1.56250       0.00000
   52       1.56250       0.25000
   53       1.62500       0.00000
   54       1.62500       0.25000
   55       1.68750       0.00000
   56       1.68750       0.25000
   57       1.75000       0.00000
   58       1.75000       0.25000
   59       1.81250       0.00000
   60       1.81250       0.25000
   61       1.87500       0.00000
   62       1.87500       0.25000
   63       1.93750       0.00000
   64       1.93750       0.25000
   65       2.00000       0.00000
   66       2.00000       0.25000
   67       2.06250       0.00000
   68       2.06250       0.25000
   69       2.12500       0.00000
   70       2.12500       0.25000
   71       2.18750       0.00000
   72       2.18750       0.25000
   73       2.25000       0.00000
   74       2.25000       0.25000
   75       2.31250       0.00000
   76       2.31250       0.25000
   77       2.37500       0.00000
   78       2.37500       0.25000
   79       2.43750       0.00000
   80       2.43750       0.25000
   81       2.50000       0.00000
   82       2.50000       0.25000