   1   0.000000    0.000000
   2   6.659939   -0.000000
   3  -0.069531   -2.112812
   4   6.753689   -2.112812
   5  -0.139063   -4.260390
   6   6.799001   -4.260390
   7  -0.160156   -6.430624
   8   6.844314   -6.430624
   9  -0.181250   -8.611405
  10   6.841189   -8.611405
  11  -0.153906  -10.790623
  12   6.838064  -10.790623
  13  -0.126563  -12.956170
  14   6.786501  -12.956170
  15  -0.050781  -15.095935
  16   6.734939  -15.095935
  17   0.025000  -17.197810
  18   6.634939  -17.197810
  19   0.149219  -19.249684
  20   6.534939  -19.249684
  21   0.273437  -21.239450
  22   6.386501  -21.239450
  23   0.446094  -23.154996
  24   6.238064  -23.154996
  25   0.618750  -24.984215
  26   6.041189  -24.984215
  27   0.839844  -26.714996
  28   5.844314  -26.714996
  29   1.060937  -28.335230
  30   5.599001  -28.335230
  31   1.330469  -29.832807
  32   5.353689  -29.832807
  33   1.600000  -31.195620
  34   5.059939  -31.195620
  35   1.910156  -32.274657
  36   4.766189  -32.274657
  37   2.220312  -33.198616
  38   4.439626  -33.198616
  39   2.563281  -33.959294
  40   4.113064  -33.959294
  41   2.906250  -34.548487
  42   3.753689  -34.548487
  43   3.266406  -34.684193
  44   3.394314  -34.684193
  45   3.626562  -34.639821
  46   3.033376  -34.639821
  47   3.988281  -34.414980
  48   2.672439  -34.414980
  49   4.350000  -34.009280
  50   2.309939  -34.009280
  51   4.705469  -33.285429
  52   1.947439  -33.285429
  53   5.060937  -32.383845
  54   1.599001  -32.383845
  55   5.402344  -31.308041
  56   1.250564  -31.308041
  57   5.743750  -30.061535
  58   0.916189  -30.061535
  59   6.071094  -28.647841
  60   0.581814  -28.647841
  61   6.398437  -27.070475
  62   0.261501  -27.070475
  63   6.711719  -25.332952
  64  -0.058811  -25.332952
  65   7.025000  -23.438790
  66  -0.365061  -23.938790
  67   7.292969  -20.843902
  68  -0.671311  -20.843902
  69   7.560937  -18.115030
  70  -0.900999  -18.115030
  71   7.752344  -15.271314
  72  -1.130686  -15.271314
  73   7.943750  -12.331895
  74  -1.283811  -12.331895
  75   8.058594   -9.315913
  76  -1.436936   -9.315913
  77   8.173437   -6.242510
  78  -1.513499   -6.242510
  79   8.211719   -3.130825
  80  -1.590061   -3.130825
  81   8.250000    0.000000
  82  -1.590061    0.000000
