    1      1      3
    2      3      5
    3      5      7
    4      7      9
    5      9     11
    6     11     13
    7     13     15
    8     15     17
    9     17     19
   10     19     21
   11     21     23
   12     23     25
   13     25     27
   14     27     29
   15     29     31
   16     31     33
   17     33     35
   18     35     37
   19     37     39
   20     39     41
   21     41     43
   22     43     45
   23     45     47
   24     47     49
   25     49     51
   26     51     53
   27     53     55
   28     55     57
   29     57     59
   30     59     61
   31     61     63
   32     63     65
   33     65     67
   34     67     69
   35     69     71
   36     71     73
   37     73     75
   38     75     77
   39     77     79
   40     79     81
   41      2      4
   42      4      6
   43      6      8
   44      8     10
   45     10     12
   46     12     14
   47     14     16
   48     16     18
   49     18     20
   50     20     22
   51     22     24
   52     24     26
   53     26     28
   54     28     30
   55     30     32
   56     32     34
   57     34     36
   58     36     38
   59     38     40
   60     40     42
   61     42     44
   62     44     46
   63     46     48
   64     48     50
   65     50     52
   66     52     54
   67     54     56
   68     56     58
   69     58     60
   70     60     62
   71     62     64
   72     64     66
   73     66     68
   74     68     70
   75     70     72
   76     72     74
   77     74     76
   78     76     78
   79     78     80
   80     80     82
   81      1      2
   82      1      4
   83      3      4
   84      4      5
   85      5      6
   86      5      8
   87      7      8
   88      8      9
   89      9     10
   90      9     12
   91     11     12
   92     12     13
   93     13     14
   94     13     16
   95     15     16
   96     16     17
   97     17     18
   98     17     20
   99     19     20
  100     20     21
  101     21     22
  102     21     24
  103     23     24
  104     24     25
  105     25     26
  106     25     28
  107     27     28
  108     28     29
  109     29     30
  110     29     32
  111     31     32
  112     32     33
  113     33     34
  114     33     36
  115     35     36
  116     36     37
  117     37     38
  118     37     40
  119     39     40
  120     40     41
  121     41     42
  122     41     44
  123     43     44
  124     44     45
  125     45     46
  126     45     48
  127     47     48
  128     48     49
  129     49     50
  130     49     52
  131     51     52
  132     52     53
  133     53     54
  134     53     56
  135     55     56
  136     56     57
  137     57     58
  138     57     60
  139     59     60
  140     60     61
  141     61     62
  142     61     64
  143     63     64
  144     64     65
  145     65     66
  146     65     68
  147     67     68
  148     68     69
  149     69     70
  150     69     72
  151     71     72
  152     72     73
  153     73     74
  154     73     76
  155     75     76
  156     76     77
  157     77     78
  158     77     80
  159     79     80
  160     80     81
  161     81     82